8
4 4
1 1 92
1 2 68
1 3 83
1 4 57
2 1 68
2 2 57
2 3 25
2 4 70
3 1 17
3 2 31
3 3 22
3 4 57
4 1 4
4 2 8
4 3 71
4 4 12
0 0 0
4 4
1 1 0
1 2 1
1 3 1
1 4 1
2 1 1
2 2 1
2 3 1
2 4 0
3 1 0
3 2 1
3 3 1
3 4 1
4 1 1
4 2 0
4 3 0
4 4 1
0 0 0
4 4
1 1 82
1 2 83
1 3 69
1 4 92
2 1 77
2 2 37
2 3 49
2 4 92
3 1 11
3 2 69
3 3 5
3 4 86
4 1 8
4 2 9
4 3 98
4 4 23
0 0 0
3 3
1 1 1500
1 2 4000
1 3 4500
2 1 2000
2 2 6000
2 3 3500
3 1 2000
3 2 4000
3 3 2500
0 0 0
3 3
1 1 108
1 2 125
1 3 150
2 1 150
2 2 135
2 3 175
3 1 122
3 2 148
3 3 250
0 0 0
3 2
1 1 10
2 1 19
2 2 11
3 2 1
0 0 0
4 4
1 1 6
1 2 6
2 1 8
2 3 9
2 4 8
3 2 8
4 3 7
0 0 0
3 2
1 1 10
2 1 21
2 2 11
3 2 1
0 0 0

Output:
107
1
140
8500
407
21
29
22